16
-5.166667 -3.055556 1.750000 0.750000 -3.083333 -9.777778 -0.444444 1.472222 3.000000 -1.333333 2.722222 -1.638889 -6.722222 11.944444 1.472222 -0.675926 -14.268519 
-169.925926 -19.086420 -9.041667 13.310185 -49.134259 -228.848765 -16.358025 8.132716 83.731481 -57.962963 106.114198 -11.317901 -105.248457 161.256173 18.947531 -1.057613 -289.930041 
389.185185 -42.253086 55.541667 -82.245370 277.949074 214.817901 12.382716 -30.478395 164.342593 39.592593 -97.108025 29.293210 261.557099 -396.077160 -40.330247 3.238683 1176.949588 
6.000000 2.833333 0.750000 0.916667 4.000000 5.833333 0.333333 -0.500000 -0.500000 1.000000 -1.500000 0.500000 6.166667 -8.833333 -0.500000 0.833333 23.666667 
-456.666667 45.490741 -56.541667 139.583333 -310.013889 -267.462963 -19.833333 52.175926 -171.250000 -54.833333 118.620370 -57.175926 -289.898148 438.629630 71.731481 4.864198 -1241.109568 
-6.925926 10.904321 -2.666667 8.643519 -6.287037 6.688272 0.030864 1.067901 -11.685185 0.537037 0.206790 -0.975309 1.589506 -2.614198 1.382716 1.781893 -5.857510 
-91.333333 -70.722222 18.000000 70.416667 16.333333 -213.611111 -21.888889 37.888889 157.000000 -57.666667 80.555556 -53.222222 -57.972222 87.944444 55.555556 3.296296 85.787037 
-253.333333 -211.777778 55.500000 220.166667 48.666667 -602.888889 -63.555556 117.444444 449.333333 -162.666667 221.277778 -164.111111 -162.861111 246.555556 169.777778 10.481481 284.462963 
430.222222 -64.037037 67.250000 -97.694444 331.638889 183.314815 9.925926 -35.240741 244.611111 29.111111 -82.296296 33.018519 285.685185 -429.425926 -45.462963 0.530864 1375.395062 
62.666667 -94.222222 44.000000 23.250000 139.416667 -154.611111 -18.888889 20.777778 241.666667 -48.666667 52.222222 -36.111111 49.444444 -71.388889 38.777778 5.759259 574.601852 
54.000000 -12.000000 9.000000 -19.000000 43.000000 18.000000 1.000000 -6.000000 32.000000 3.000000 -10.000000 6.000000 35.000000 -52.000000 -6.000000 0.000000 163.000000 
237.000000 -75.416667 43.500000 -96.875000 191.250000 60.416667 3.500000 -26.000000 160.500000 10.500000 -43.083333 25.500000 140.333333 -210.416667 -27.000000 -4.166667 686.041667 
218.222222 -43.203704 35.500000 -70.694444 172.388889 82.981481 3.925926 -22.629630 123.444444 13.111111 -43.962963 22.407407 145.601852 -218.759259 -23.185185 1.234568 668.163580 
5.000000 5.055556 -1.750000 -6.333333 -3.416667 15.777778 1.833333 -3.055556 -12.833333 4.500000 -6.055556 4.388889 1.888889 -3.111111 -4.722222 -0.851852 -17.675926 
-4.000000 -3.000000 0.000000 -2.500000 0.000000 -9.000000 -0.666667 -0.333333 4.000000 -2.000000 3.000000 0.333333 -3.000000 5.000000 0.666667 -0.111111 -9.388889 
108.000000 -26.000000 19.250000 -40.416667 89.583333 30.500000 1.333333 -12.611111 71.166667 4.000000 -17.833333 12.611111 70.916667 -105.833333 -12.277778 -0.037037 335.481481 