10
-28.5926 16.7778 122.986 11.713 34.3503 16.6667 11.3426 46.9676 197.321 12.9923 314.77 
56.6019 -25.2083 -213.45 6.20255 -62.5322 -28.125 -13.9433 -111.767 -360.443 -29.0106 -525.031 
-52.6296 28.3889 223.41 19.1898 59.3696 27.8333 20.588 83.9005 356.105 25.135 566.663 
20.9383 -15.1481 -102.468 -11.1636 -30.3915 -14.5556 -9.66975 -39.9244 -171.36 -11.2968 -273.723 
-2.64815 3.55556 18.3958 17.0602 4.30633 1.83333 5.56944 -10.2338 24.8117 -0.144291 63.189 
60.1975 -32.1482 -254.148 -13.7377 -67.0473 -32.2222 -22.0864 -103.614 -404.635 -29.2613 -634.409 
-20.4815 11.0556 84.5208 9.47685 24.3758 10.8333 8.40278 31.2245 140.034 9.8696 221.953 
0 0 0 -2 0 0 -0.333333 2 -0.666667 0 -3 
-26.3148 14.1944 111.705 6.70602 30.0181 14.25 9.75694 45.5058 178.756 12.9008 280.609 
-4.96296 0.833333 10.2569 2.35648 3.77238 1.16667 1.28241 2.94213 17.9105 1.20448 26.8434 
