20
4.28704 0.912037 -0.87037 3.55556 -3.19444 2.51852 -1.05556 0 7 7.91667 -4.53704 -1.39815 13.1435 -10.7222 -2.66667 -8.58796 -2.53704 31.6528 -28.0139 6.05556 -63.1806 
-4 -0.5 0.222222 -6 0.666667 -2 1.5 0 -9 -6 4 0.222222 0.333333 10.6667 3 -1.83333 4 -26.75 -3.16667 -6 -27.4444 
11.8333 3.52778 1 4 2.25 6.16667 9.75 2 29.5 8.33333 -9.33333 -0.25 21.8889 -24.5 10.5 -22.1389 -9.33333 110.75 -48.875 6.5 71.75 
116.861 76.5972 7.11111 215.25 53.2083 95.7222 147.792 39.3333 762.417 241.347 -151.944 14.7361 503.361 -464.917 217 -475.069 -106.444 2687 -802.729 264.167 3858.01 
12.3333 1.77778 -0.666667 18.3333 -1 6.66667 -3 0 30.6667 19.5 -12.6667 -0.333333 -6.11111 -32 -9 8.77778 -12.6667 90.25 12.4444 18 104.278 
10.287 0.578704 0.12963 4.05556 -2.44444 4.51852 -0.305555 0 7.5 5.16667 -8.53704 -1.14815 5.22685 -23.2222 -2.66667 -2.9213 -9.53704 28.6528 -14.6389 6.05556 -82.1806 
-98.2068 5.26235 -8.42593 27.6806 6.11806 -26.0525 22.7523 7.71296 107.218 28.8989 43.1605 10.0394 196.379 74.9028 46.0556 -178.099 82.6883 409.653 -187.108 41.7315 1335.47 
-0.777778 0.944444 -0.333333 -0.5 -0.25 1.44444 4.08333 0.666667 7.83333 2.44444 -0.888889 -0.0833333 2.13889 3.5 0.5 -3.05555 0.111111 31 -18.125 0.333333 13.5556 
21.9444 -1.63889 0 -7.5 -8.75 4.88889 -3.41667 -0.666667 -22.5 -1.44444 -13.4444 -4.91667 32.8889 -49.5 -3.5 -24.6389 -14.4444 -51.5 -48.8195 -0.333333 -463.75 
-168.866 -21.731 -10.7469 -34.5602 -0.622685 -71.0195 -36.3897 -6.62654 -148.239 -57.5867 117.298 11.4591 -14.2328 289.866 -23.5185 16.8894 142.789 -534.384 197.763 -48.0216 594.08 
-23.2294 -13.3493 -17.0123 97.7129 -27.9676 -5.69958 -5.42747 0.0617275 169.818 144.259 -5.47116 -0.322535 -37.6153 13.5093 -155.759 37.947 -0.600769 459.732 165.887 93.9197 1269.58 
-23.1852 -3.00463 1.55556 -12.6944 5.20833 -12.2593 -8.38889 -2.33333 -44.5 -28.1389 20.5185 3.40278 -24.8009 43.6389 10 20.1898 19.0185 -163.16 66.8958 -17.2778 39.1204 
-4.33333 1.5463 -0.555556 -3.44444 0.166667 1.33333 8.08333 1.33333 10.6111 1.72222 1.11111 0.0555556 7.81482 14.3333 2.5 -9.12037 3.11111 48.2917 -39.1482 -2.33333 27.0741 
-65.8333 4.91667 0 22.5 25.75 -14.6667 10.25 2 67.5 4.33333 40.3333 14.5833 -99.6667 149.5 10.5 74.9167 43.3333 154.5 146.208 1 1389.25 
234.064 12.1445 -17.216 211.463 -60.037 110.053 58.0818 13.8025 530.299 355.864 -204.588 -25.679 20.2057 -439.185 -241.37 -11.0313 -225.774 1703.71 -177.19 235.401 831.761 
-75.6389 -0.435185 -4.05556 -0.555556 9.5 -24.4444 7.45833 2.5 16.4722 -6.25 44.9444 8.16667 56.3657 110 23.25 -54.9352 63.9444 64.1458 -25.7546 -2 775.69 
-82.2361 5.70139 -2.22222 15.9167 23.4583 -18.3889 19.9583 4.25 76.0833 5.16667 46.1944 14.3194 -25.8264 153.25 25.5 8.45139 60.1944 222.417 41.507 3.08333 1395.05 
93.1944 5.56944 4.55556 2.66667 -8.58333 35.7222 7.41667 0.166667 22.1667 21.1944 -59.2778 -9.86111 -36.6528 -132.167 -14.5 34.7361 -77.2778 88.6667 -61.0139 7.66667 -789.181 
-28.9167 -13.9306 -0.166667 -37.6667 -5.5 -24.1667 -27.4167 -6.66667 -136.833 -48.9444 35.8333 -0.833333 -65.4861 84.3333 -24 61.2361 28.8333 -485.458 154 -46 -492.875 
-82.8086 -6.89506 -2.66667 -19.3889 8.25 -34.3951 -24.5741 -3.37037 -87.4074 -46.3858 58.679 7.41667 0.932113 134.278 19.7222 5.04937 73.4568 -305.236 95.7639 -28.2963 296.904 
