32
-21.273148 8.907407 -0.594907 -17.453704 -3.000000 -5.888889 5.685185 -19.305556 40.743827 -7.475309 -2.629630 2.055556 51.277778 -24.851852 -163.250000 14.638889 0.250000 -133.282407 -12.666667 44.500000 -0.500000 -429.782407 272.615741 -42.041667 -0.685185 30.194444 147.282407 2.333333 -1.138889 -293.203704 -4.833333 40.796296 -519.413580 
-1.000000 1.333333 -0.500000 0.000000 0.000000 0.000000 0.000000 -1.000000 18.500000 -1.000000 0.000000 0.333333 -2.000000 -1.000000 6.000000 1.000000 0.000000 2.000000 -1.000000 0.000000 0.000000 7.000000 -2.000000 0.000000 0.000000 9.000000 27.000000 1.000000 0.500000 -53.666667 -0.666667 18.333333 6.333333 
26.842593 40.006173 -58.703704 -52.537037 -26.666667 -5.888889 -1.907407 -89.351852 2835.388889 -150.908951 25.055556 11.277778 226.333333 -128.296296 -732.453704 63.388889 -1.944444 116.481481 -60.972222 194.000000 4.648148 -919.064815 220.064815 33.027778 4.166667 1431.779321 4139.037037 5.111111 46.896605 -8289.898148 -21.333333 2774.354938 -717.910494 
-9.185185 7.777778 -5.685185 0.611111 -3.000000 -9.333333 2.111111 -18.583333 132.694444 -4.416667 -0.027778 1.666667 46.333333 11.555556 -147.833333 13.194444 1.222222 209.296296 -9.111111 -9.000000 0.000000 249.759259 -389.925926 69.277778 -1.861111 78.138889 259.444444 -1.833333 6.000000 -518.500000 -5.666667 140.388889 223.361111 
36.583333 5.305556 -18.541667 3.916667 1.000000 4.000000 6.000000 -6.916667 1254.861111 -60.416667 -5.500000 -0.500000 6.750000 31.833333 -24.875000 13.000000 1.000000 806.125000 -9.500000 -58.250000 4.083333 1383.250000 -1405.500000 266.250000 -4.500000 597.868056 1706.250000 0.000000 -3.097222 -3422.875000 1.500000 1194.652778 1529.125000 
-3.916667 -2.083333 5.541667 -14.583333 -12.000000 -1.000000 -0.666667 3.250000 -916.527778 57.861111 8.833333 -0.833333 -0.750000 -32.166667 2.375000 -23.000000 2.000000 -667.625000 16.500000 61.250000 -3.750000 -1183.583333 1190.500000 -219.250000 2.833333 -430.062500 -1228.916667 -16.666667 4.375000 2467.152778 1.166667 -859.041667 -1197.625000 
-9.500000 -1.398148 1.638889 -9.546296 1.500000 -4.444444 -3.000000 1.902778 -364.421296 14.569444 1.106481 1.277778 -1.194444 -32.092593 5.986111 -5.125000 0.111111 -425.050926 3.277778 52.583333 -1.694444 -784.361111 787.027778 -141.194444 2.078704 -173.442130 -480.750000 5.083333 4.087963 968.652778 -3.000000 -348.430556 -830.277778 
0.500000 -0.166667 -0.250000 0.500000 0.000000 0.000000 0.000000 0.500000 9.166667 0.000000 0.000000 0.000000 -1.500000 1.000000 4.750000 0.000000 0.000000 -4.250000 0.000000 -1.500000 0.500000 -5.500000 10.000000 -1.500000 0.000000 4.208333 -4.500000 0.000000 -0.083333 8.750000 0.000000 8.916667 -2.250000 
-43.134259 5.481481 15.622685 -46.074074 -2.083333 20.888889 4.027778 -24.736111 803.763889 -40.189815 -6.587963 -3.333333 93.555556 -17.148148 -294.444444 47.263889 -2.611111 -26.805556 -41.277778 7.833333 10.250000 -499.773148 218.412037 -11.930556 -12.532407 409.430556 951.902778 5.694444 6.694444 -1937.699074 13.388889 782.842593 -525.148148 
15.259259 2.962963 -12.824074 2.055556 -6.000000 1.333333 -3.555556 -5.888889 228.064815 -7.638889 5.944444 -0.500000 14.166667 -5.555556 -46.944444 -2.055556 0.888889 20.962963 1.222222 9.000000 0.111111 -35.629630 -6.537037 6.944444 1.944444 115.129630 306.277778 -7.000000 1.037037 -613.722222 1.166667 225.981481 25.277778 
-21.527778 -2.777778 17.513889 34.472222 -1.000000 9.333333 -1.500000 5.833333 -284.250000 20.944444 0.138889 -2.833333 -20.166667 82.444444 62.666667 7.666667 -1.500000 583.138889 -4.000000 -133.000000 1.000000 1265.805556 -1200.305556 192.250000 -2.527778 -137.333333 -431.500000 -11.000000 -1.666667 851.833333 6.500000 -263.944444 1236.638889 
42.458333 -22.027778 2.252315 30.657407 6.500000 19.444444 -16.185185 55.458333 -380.628086 24.498457 2.162037 -5.777778 -154.472222 37.759259 492.208333 -38.180556 0.750000 52.370370 33.500000 -77.916667 1.750000 644.106481 -173.106481 13.236111 2.578704 -220.381944 -721.615741 -6.083333 -9.097222 1442.828704 14.666667 -383.050926 806.015432 
-124.550926 -47.975309 20.983796 51.393519 49.833333 14.944444 -62.583333 70.425926 -3475.922840 110.546296 21.569444 10.277778 -111.500000 -167.296296 377.074074 -20.222222 -2.694444 -3641.532407 19.861111 222.000000 -2.740741 -6307.939815 6640.939815 -1211.986111 37.736111 -1712.554012 -5492.000000 62.944444 -31.557099 10986.703704 -12.666667 -3395.811728 -6880.699074 
0.037037 -0.632716 -19.087963 18.546296 -4.666667 1.111111 -8.944444 -3.935185 -229.515432 12.699074 18.796296 3.666667 17.916667 -29.574074 -58.245370 0.222222 3.388889 -537.791667 2.194444 44.250000 -0.101852 -1075.796296 1020.601852 -179.222222 10.240741 -104.255401 -464.694444 -3.444444 -9.228395 928.754630 -6.944444 -214.631173 -1091.523148 
0.055556 0.000000 -2.361111 1.500000 0.000000 0.000000 -1.000000 0.000000 7.305556 -0.555556 0.500000 0.000000 -0.500000 0.000000 2.500000 0.166667 0.333333 -5.388889 -0.166667 0.000000 0.000000 -9.444444 10.944444 -1.833333 0.500000 3.333333 2.000000 0.000000 -0.250000 -4.000000 0.000000 6.666667 -9.111111 
-34.594907 -31.314815 33.380787 74.907407 25.750000 -0.388889 -0.888889 64.673611 -2319.525463 119.145833 -11.877315 -5.277778 -159.638889 115.648148 517.791667 -36.743056 3.902778 -157.854167 42.444444 -173.833333 -2.000000 565.043981 -74.585648 -47.048611 3.858796 -1172.055556 -3540.743056 2.708333 -56.305556 7088.138889 8.333333 -2279.537037 314.909722 
82.486111 -36.314815 -30.034722 -26.236111 20.500000 19.833333 -33.916667 81.694444 -286.518519 -21.388889 6.263889 -2.666667 -198.000000 -175.222222 637.138889 -78.083333 -1.583333 -1586.875000 55.083333 238.500000 -11.055556 -2474.513889 3070.513889 -526.041667 18.597222 -201.453704 -390.166667 25.333333 -5.726852 808.694444 12.500000 -340.685185 -2297.902778 
1.333333 8.972222 -7.990741 -17.694444 -4.000000 -2.666667 0.592593 -20.416667 601.219136 -34.256173 1.314815 1.777778 52.750000 -28.277778 -169.708333 14.833333 -1.166667 63.800926 -14.500000 43.750000 0.750000 -134.685185 -27.787037 20.166667 -1.018519 304.368056 925.703704 3.222222 13.125000 -1853.375000 -3.388889 587.875000 -106.016975 
-46.805556 66.472222 -31.708333 -195.916667 -48.000000 -26.000000 19.222222 -167.416667 2329.092593 -130.259259 19.611111 15.000000 483.750000 -316.166667 -1546.625000 86.500000 -4.666667 -1393.402778 -93.166667 516.250000 -6.750000 -4678.250000 3214.000000 -462.416667 -7.055556 1269.854167 4004.638889 -5.000000 98.375000 -8013.569444 -29.000000 2352.625000 -4687.699074 
-21.685185 5.370370 2.592593 -0.407407 -4.000000 -11.111111 -1.000000 -17.527778 -397.666667 20.629630 7.898148 5.833333 54.388889 -22.148148 -173.500000 8.527778 0.333333 -422.796296 -5.333333 46.333333 -0.333333 -945.629630 781.851852 -140.833333 3.620370 -171.222222 -558.000000 -1.388889 7.111111 1119.370370 -13.944444 -361.796296 -1030.453704 
16.268519 -22.157407 10.569444 64.305556 16.000000 8.666667 -6.407407 55.805556 -776.197531 43.419753 -6.537037 -5.000000 -161.250000 103.388889 515.541667 -29.166667 1.555556 446.467593 31.388889 -169.083333 2.250000 1523.416667 -1035.333333 148.138889 2.351852 -423.284722 -1334.879630 1.666667 -32.958333 2671.189815 9.666667 -784.208333 1527.899691 
8.972222 -11.444444 7.643519 33.555556 8.000000 6.000000 -2.370370 28.833333 -371.709877 21.635802 -3.759259 -3.000000 -84.000000 58.000000 268.166667 -14.166667 0.500000 294.657407 16.000000 -95.666667 1.000000 911.546296 -656.879630 97.916667 0.574074 -205.555556 -641.564815 -0.666667 -19.166667 1281.740741 6.000000 -378.111111 915.141975 
-0.722222 -1.111111 3.944444 6.666667 0.000000 4.000000 1.000000 3.333333 -20.694444 3.305556 -1.000000 -1.500000 -11.500000 19.333333 36.166667 -0.166667 -0.333333 157.055556 0.666667 -33.000000 0.333333 351.277778 -315.777778 52.333333 -1.000000 -13.611111 -45.500000 -3.000000 -4.388889 87.500000 3.500000 -22.055556 354.111111 
-5.962963 -1.466049 -18.421296 24.046296 -1.666667 1.111111 -10.277778 -0.685185 -296.654321 13.837963 17.712963 4.000000 5.416667 -24.574074 -17.995370 1.972222 3.388889 -539.875000 1.194444 33.750000 0.398148 -1029.629630 1010.768519 -180.722222 10.657407 -140.297068 -585.527778 0.722222 -10.811728 1170.560185 -7.611111 -282.881173 -1067.689815 
-15.944444 -2.444444 15.722222 27.222222 0.000000 9.333333 3.000000 6.333333 -269.250000 20.361111 -1.444444 -2.833333 -23.166667 66.444444 72.500000 4.166667 -1.000000 435.388889 -1.000000 -109.000000 1.000000 981.388889 -908.888889 145.000000 -2.111111 -135.833333 -436.500000 -9.000000 -12.333333 862.500000 6.500000 -259.944444 941.888889 
-28.013889 12.837963 9.988426 -31.171296 -15.833333 -6.111111 -15.296296 -37.097222 -190.817901 7.391975 16.055556 6.500000 112.347222 -69.064815 -360.798611 17.777778 -2.777778 -654.335648 -17.027778 114.375000 -1.125000 -1638.087963 1307.268519 -225.319444 1.833333 -35.565972 -80.143519 -13.222222 54.840278 156.775463 -13.277778 -112.775463 -1629.181327 
-46.805556 66.472222 -31.708333 -195.916667 -48.000000 -26.000000 19.222222 -167.416667 2329.092593 -130.259259 19.611111 15.000000 483.750000 -316.166667 -1546.625000 86.500000 -4.666667 -1393.402778 -93.166667 516.250000 -6.750000 -4678.250000 3214.000000 -462.416667 -7.055556 1269.854167 4005.638889 -5.000000 98.375000 -8015.569444 -29.000000 2352.625000 -4687.699074 
217.324074 97.145062 -28.800926 -95.453704 -95.666667 -29.888889 128.444444 -149.435185 6862.558642 -215.805556 -47.500000 -20.555556 253.750000 368.092593 -850.189815 60.611111 4.555556 7436.995370 -53.722222 -495.250000 9.231481 12835.435185 -13594.018519 2474.638889 -79.166667 3388.253858 10763.361111 -121.555556 59.489198 -21542.893519 25.333333 6707.665123 13890.569444 
91.527778 -133.111111 63.458333 395.333333 96.500000 52.000000 -35.944444 335.333333 -4649.185185 260.518519 -39.722222 -30.000000 -969.000000 639.333333 3098.166667 -172.000000 9.333333 2849.055556 185.333333 -1043.000000 13.500000 9485.750000 -6553.750000 946.583333 14.111111 -2537.833333 -8008.527778 11.000000 -201.333333 16025.972222 58.000000 -4701.000000 9489.564815 
-12.433642 14.364198 2.003858 -31.810185 -13.222222 -23.277778 9.398148 -26.328704 -483.810185 31.839506 3.719136 5.000000 58.666667 -48.148148 -187.777778 -3.476852 2.027778 -401.554012 0.777778 100.166667 -5.537037 -910.405864 731.544753 -132.662037 -0.660494 -203.837963 -387.129630 -6.416667 21.493827 796.314815 -15.166667 -430.527778 -964.395062 
4.907407 -2.370370 3.879630 -5.425926 -2.000000 3.111111 -9.000000 3.777778 -28.722222 1.648148 3.685185 -0.444444 -7.222222 -9.851852 22.333333 -2.777778 -1.000000 -91.425926 2.333333 11.666667 0.000000 -163.314815 188.981481 -34.500000 -0.537037 -7.166667 -9.000000 -4.000000 16.944444 16.666667 1.666667 -11.925926 -102.314815 
7.791667 -41.055556 2.108796 27.097222 31.500000 24.500000 -34.287037 76.916667 -991.765432 23.135802 0.337963 -5.500000 -166.000000 -46.666667 540.250000 -39.416667 -2.416667 -1156.717593 34.083333 39.833333 -0.166667 -1612.300926 2114.634259 -384.125000 13.004630 -537.777778 -1779.731481 28.666667 -31.208333 3557.601852 18.000000 -1019.388889 -1660.871914 